4 0.7800149739583333 0.5956491769547324 0.057499999999999996 0.20222222222222222
4 0.6962672526041666 0.5800997942386831 0.06624999999999999 0.21555555555555553
4 0.6275143229166666 0.6178590534979423 0.055 0.17555555555555555
4 0.5450143229166665 0.600085390946502 0.055 0.18444444444444444
4 0.473765625 0.5934146090534979 0.05999999999999999 0.17555555555555555
4 0.39876888020833334 0.5911954732510287 0.0725 0.1822222222222222
4 0.33126595052083335 0.577858024691358 0.06125 0.1733333333333333
4 0.25627018229166665 0.5445411522633745 0.07749999999999999 0.20888888888888887
4 0.15751627604166665 0.5800781893004116 0.0625 0.1688888888888889
4 0.10751529947916666 0.5711831275720164 0.05875 0.15555555555555556
4 0.03376920572916666 0.55119341563786 0.07375 0.17777777777777778
4 0.000010091145833333332 0.5956213991769547 0.03874999999999999 0.14222222222222222
4 0.46876236979166663 0.48004320987654314 0.0475 0.09333333333333334
4 0.5337656249999999 0.475608024691358 0.05999999999999999 0.11333333333333333
4 0.5900130208333334 0.5511584362139917 0.05 0.10222222222222221
4 0.6512617187499999 0.4756090534979424 0.045 0.11555555555555555
4 0.7075126953124999 0.4889341563786008 0.048749999999999995 0.09777777777777777
4 0.47626139322916666 0.39115123456790124 0.04375 0.08666666666666666
4 0.6787685546875 0.2956141975308642 0.07125 0.12666666666666665
4 0.7212639973958334 0.3956111111111111 0.05375 0.12
4 0.8600113932291666 0.37781687242798356 0.04375 0.08444444444444445
4 0.8787679036458333 0.4667201646090535 0.06875 0.11555555555555555
4 0.9700078125 0.48893518518518514 0.029999999999999995 0.1
4 0.9212643229166666 0.3933734567901235 0.055 0.08666666666666666
4 0.9462639973958333 0.31559670781893 0.05375 0.08888888888888889
4 0.9012617187499999 0.22448148148148145 0.045 0.07999999999999999
4 0.7250172526041666 0.033380658436213996 0.06624999999999999 0.10222222222222221
4 0.8150120442708333 0.028935185185185185 0.04625 0.1
4 0.8662630208333334 0.013373456790123455 0.05 0.08666666666666666
4 0.28251106770833334 0.3466954732510288 0.042499999999999996 0.06222222222222223
4 0.3700110677083333 0.40002880658436213 0.042499999999999996 0.06222222222222223
4 0.05376106770833333 0.46225102880658436 0.042499999999999996 0.06222222222222223
4 0.10250846354166666 0.46226440329218105 0.0325 0.0911111111111111
