4 0.2712666015625 0.5356553497942387 0.06375 0.21555555555555553
4 0.7887666015624999 0.6089650205761317 0.06375 0.16444444444444445
4 0.7062701822916666 0.5734310699588477 0.07749999999999999 0.2111111111111111
4 0.630017578125 0.6245277777777778 0.06749999999999999 0.18
4 0.5487679036458333 0.5912057613168723 0.06875 0.20444444444444443
4 0.47877148437499994 0.5867746913580247 0.0825 0.23333333333333334
4 0.392525390625 0.6023065843621399 0.09749999999999999 0.1822222222222222
4 0.16251920572916667 0.5734248971193414 0.07375 0.19777777777777777
4 0.04251985677083333 0.5467685185185185 0.07625 0.22
4 0.11501432291666666 0.5778528806584362 0.055 0.1622222222222222
4 0.15876985677083333 0.5667479423868312 0.07625 0.17555555555555555
4 0.47751725260416666 0.3844897119341564 0.06624999999999999 0.09777777777777777
4 0.6587626953125 0.46894855967078186 0.048749999999999995 0.1288888888888889
4 0.7250107421875001 0.48226851851851843 0.04125 0.1
4 0.8575139973958332 0.28228909465020574 0.05375 0.14444444444444443
4 0.9400126953125 0.38450823045267485 0.048749999999999995 0.13777777777777775
4 0.47501595052083334 0.48005555555555546 0.06125 0.12
4 0.8575156249999999 0.28005452674897113 0.05999999999999999 0.11777777777777777
4 0.6825179036458332 0.2978559670781893 0.06875 0.1688888888888889
4 0.7312682291666667 0.02227777777777778 0.07 0.12
4 0.07251204427083333 0.364477366255144 0.04625 0.07111111111111111
4 0.47251464843749996 0.46894855967078186 0.05625 0.1288888888888889
4 0.3750126953125 0.493391975308642 0.048749999999999995 0.12666666666666665
