4 0.3525384114583333 0.7045730452674897 0.1475 0.2777777777777778
4 0.027543294270833334 0.5602037037037036 0.16624999999999998 0.44
4 0.7875410156249999 0.7734382716049382 0.1575 0.22666666666666666
4 0.7325296223958333 0.6334567901234568 0.11375 0.26666666666666666
4 0.6112711588541667 0.6178539094650205 0.08125 0.16444444444444445
4 0.37628743489583333 0.5089845679012346 0.14375 0.20666666666666667
4 0.18879199218749998 0.3890895061728395 0.16124999999999998 0.43333333333333335
4 0.0275390625 0.34901543209876545 0.15 0.2733333333333333
4 0.13752864583333332 0.122380658436214 0.11 0.3422222222222222
4 0.32877441406249996 0.3134650205761317 0.09375 0.28444444444444444
4 0.4812845052083333 0.3156718106995885 0.13249999999999998 0.2511111111111111
4 0.6937734375000001 0.40455967078189303 0.09 0.2488888888888889
4 0.8250263671875 0.4290072016460905 0.10125 0.25555555555555554
4 0.763771484375 0.24898765432098768 0.0825 0.21333333333333332
4 0.8812630208333334 0.3400534979423868 0.05 0.11555555555555555
4 0.8800146484375 0.2045 0.05625 0.12
4 0.8437607421875001 0.09563683127572016 0.04125 0.17555555555555555
4 0.6950208333333332 0.035643004115226334 0.08 0.18888888888888888
4 0.5562685546875 0.0022849794238683128 0.07125 0.13555555555555557
4 0.5837705078125001 0.09118518518518517 0.07875 0.15999999999999998
4 0.4950172526041667 0.05120473251028806 0.06624999999999999 0.20222222222222222
4 0.40877799479166665 0.1556522633744856 0.1075 0.20888888888888887
4 0.2662744140625 0.08901131687242798 0.09375 0.2644444444444444
4 0.1350244140625 0.0022767489711934155 0.09375 0.11777777777777777
4 0.3825159505208333 0.013407407407407406 0.06125 0.15999999999999998
