4 0.255044921875 0.666820987654321 0.1725 0.3333333333333333
4 0.0000341796875 0.509116255144033 0.13125 0.4911111111111111
4 0.11003971354166665 0.3868930041152263 0.1525 0.4888888888888889
4 0.00126953125 0.30901543209876536 0.075 0.2733333333333333
4 0.3062854817708333 0.4645473251028806 0.13624999999999998 0.2222222222222222
4 0.5187744140625 0.5667602880658436 0.09375 0.20222222222222222
4 0.64627734375 0.5756841563786008 0.105 0.2777777777777778
4 0.7100367838541667 0.6845905349794238 0.14125 0.3155555555555556
4 0.8250358072916666 0.5379670781893003 0.1375 0.40888888888888886
4 0.743779296875 0.4201039094650205 0.1125 0.22444444444444442
4 0.6025286458333333 0.39567181069958846 0.11 0.2511111111111111
4 0.42503059895833334 0.2779218106995885 0.1175 0.3111111111111111
4 0.260021484375 0.31344135802469136 0.0825 0.23333333333333334
4 0.07127734375 0.09570164609053498 0.105 0.3155555555555556
4 0.17627734374999998 0.04014094650205761 0.105 0.30444444444444446
4 0.9250195312499999 0.11344238683127571 0.075 0.23555555555555555
4 0.7512617187499999 0.06006481481481481 0.045 0.13999999999999999
4 0.6275166015624999 0.008968106995884772 0.06375 0.1711111111111111
4 0.5225185546875 0.06454012345679012 0.07125 0.20666666666666667
4 0.4212649739583333 0.04230246913580247 0.057499999999999996 0.1733333333333333
