4 0.13127506510416667 0.644522633744856 0.09624999999999999 0.1688888888888889
4 0.18502669270833333 0.8356316872427983 0.1025 0.16444444444444445
4 0.03252408854166667 0.842295267489712 0.0925 0.1577777777777778
4 0.3450354817708333 0.7556687242798354 0.13624999999999998 0.24444444444444444
4 0.5450195312499999 0.7912078189300411 0.075 0.20888888888888887
4 0.6387695312499999 0.7912078189300411 0.075 0.20888888888888887
4 0.8937695312499999 0.78009670781893 0.075 0.20888888888888887
4 0.81876953125 0.5778744855967078 0.075 0.20888888888888887
4 0.7112695312499999 0.6023189300411522 0.075 0.20888888888888887
4 0.6137695312499999 0.6023189300411522 0.075 0.20888888888888887
4 0.46876953125000004 0.6712078189300411 0.075 0.20888888888888887
4 0.28001953125 0.6089855967078189 0.075 0.20888888888888887
4 0.37376953125 0.6178744855967078 0.075 0.20888888888888887
4 0.14251953125 0.44009670781893 0.075 0.20888888888888887
4 0.07876953125 0.3556522633744856 0.075 0.20888888888888887
4 0.21001529947916667 0.34228600823045263 0.05875 0.13777777777777775
4 0.15251529947916667 0.2778415637860082 0.05875 0.13777777777777775
4 0.29376529947916663 0.3578415637860082 0.05875 0.13777777777777775
4 0.48751529947916666 0.4622860082304526 0.05875 0.13777777777777775
4 0.6050152994791667 0.47339711934156375 0.05875 0.13777777777777775
4 0.6562652994791667 0.5045082304526748 0.05875 0.13777777777777775
4 0.7200152994791666 0.49117489711934154 0.05875 0.13777777777777775
4 0.8175152994791667 0.455619341563786 0.05875 0.13777777777777775
4 0.9112652994791667 0.4600637860082304 0.05875 0.13777777777777775
