4 0.000008463541666666666 0.660122427983539 0.0325 0.2644444444444444
4 0.07127115885416666 0.8111985596707819 0.08125 0.18888888888888888
4 0.18002115885416664 0.6445318930041152 0.08125 0.18888888888888888
4 0.23252115885416663 0.8111985596707819 0.08125 0.18888888888888888
4 0.31502115885416665 0.5978652263374485 0.08125 0.18888888888888888
4 0.4212711588541666 0.8111985596707819 0.08125 0.18888888888888888
4 0.4150211588541666 0.6445318930041152 0.08125 0.18888888888888888
4 0.5075211588541666 0.6711985596707818 0.08125 0.18888888888888888
4 0.5850211588541667 0.7889763374485597 0.08125 0.18888888888888888
4 0.6800211588541667 0.7978652263374486 0.08125 0.18888888888888888
4 0.6437711588541667 0.5889763374485597 0.08125 0.18888888888888888
4 0.7562711588541667 0.6267541152263374 0.08125 0.18888888888888888
4 0.8537711588541668 0.5689763374485597 0.08125 0.18888888888888888
4 0.9187711588541667 0.7778652263374486 0.08125 0.18888888888888888
4 0.7550218098958332 0.4667417695473251 0.08374999999999999 0.1622222222222222
4 0.6262718098958332 0.4578528806584362 0.08374999999999999 0.1622222222222222
4 0.5087718098958333 0.4422973251028806 0.08374999999999999 0.1622222222222222
4 0.18002180989583333 0.45340843621399174 0.08374999999999999 0.1622222222222222
4 0.04002180989583334 0.4800751028806584 0.08374999999999999 0.1622222222222222
4 0.00001171875 0.3200751028806584 0.045 0.1622222222222222
4 0.30001041666666667 0.26004423868312754 0.04 0.09555555555555556
4 0.20876041666666667 0.2867109053497942 0.04 0.09555555555555556
4 0.5087604166666666 0.34226646090534973 0.04 0.09555555555555556
